9.999999999999327205e-01 6.214656033162719861e-01 5.898467371517324143e-01 6.215467849766813657e-01 6.315830430711202315e-01 5.789186751168278189e-01 5.757058356289811440e-01 5.482127068900543021e-01 5.190346599384429993e-01 5.747648338401840640e-01 2.083216627764676310e-01 5.699371986423976688e-01 6.016852926862966688e-01 6.403367799902776047e-01 5.680043413039237432e-01 6.255789171327527098e-01 3.952635485118982106e-01 6.450419554863051630e-01 5.467178668564407484e-01 5.057883539556549124e-01 6.272867327286761885e-01 5.778217332042210330e-01 6.117328478468881947e-01 5.657031824572382739e-01 5.952177788376969980e-01 6.337464409130523224e-01 6.314123512858412779e-01 6.230664013219666675e-01 5.929256254109394053e-01 5.489909659675641374e-01 4.757949392579781667e-01 5.871057232053786823e-01 6.026955393739261702e-01 6.226268234669254387e-01 3.958744386333261089e-01 6.309919227164283440e-01 5.483006818917948166e-01 6.431348973738673092e-01 6.178661600389899755e-01 6.265129168950255290e-01 6.263891853584703240e-01 6.567099876690435378e-01 6.376808676365026685e-01 4.647817549702827344e-01 5.775096105461894336e-01 6.280299944009917201e-01 6.350132302678457297e-01 6.142568011398134020e-01 5.838213987884002254e-01 6.182842832521429077e-01 5.941236748842227966e-01 4.719705533932136987e-01 6.375353016833454900e-01 5.842448959838956180e-01 5.329312562297415790e-01 6.134555996431890756e-01 6.365231932553024885e-01
6.214656033162719861e-01 1.000000000000000000e+00 7.401947346344023293e-01 7.973494769563700402e-01 8.166710557685733507e-01 7.615528798341597572e-01 7.717015799279984822e-01 6.568015422884099230e-01 6.844956662698479244e-01 7.368214376419662814e-01 2.173757608221279503e-01 7.358085968030639856e-01 8.130489259524745771e-01 8.613220215214121289e-01 7.291371845431995347e-01 8.495727653563892590e-01 4.684146902556078906e-01 8.007762713661229492e-01 6.991366003411574326e-01 6.044020231269938703e-01 8.611230385212399474e-01 7.569625651803895128e-01 8.059506690468601908e-01 7.109875226940849391e-01 7.523032731125998129e-01 8.509853270466924968e-01 6.453042407757609844e-01 8.322017398734329330e-01 6.837009728709716461e-01 6.816972854695149131e-01 5.739595920532443163e-01 7.330388048738852858e-01 8.011810219017745371e-01 8.072383515896104367e-01 4.571888306467279395e-01 8.403002504567026465e-01 7.057449414766695517e-01 8.275212572075806294e-01 8.297579652156154006e-01 8.428346107989849179e-01 8.456932328649007236e-01 6.222336176154452669e-01 8.545371380295376795e-01 5.628976234544265100e-01 7.243190750238355236e-01 8.485704063063939095e-01 8.492252582188493104e-01 8.291416111404561473e-01 7.397423127467339654e-01 8.598947101612668398e-01 8.115937590786604927e-01 5.727964962184781683e-01 8.627442813567809399e-01 7.609943677668455919e-01 6.807275586715930693e-01 8.094738804858698789e-01 8.571877444801216939e-01
5.898467371517324143e-01 7.401947346344023293e-01 1.000000000000000000e+00 7.739361832923075113e-01 7.711478062035689307e-01 7.743403027966891949e-01 7.070726313162135623e-01 8.885347644866573580e-01 6.410137844679939523e-01 7.060563729189748283e-01 2.765215458197465281e-01 7.172175024092477535e-01 7.620029417055724785e-01 8.036631266238367655e-01 6.823175619477536147e-01 7.781016199956862778e-01 4.514096415128044937e-01 7.280567507516020331e-01 6.317975030459476171e-01 6.036562457409702098e-01 7.886442300286907736e-01 7.231095345856183298e-01 7.579692241737366887e-01 7.194431713841925591e-01 6.994898709510901647e-01 7.881062293093271665e-01 7.893359721992585509e-01 7.730561128315948105e-01 6.846024673975866781e-01 6.263192872450751292e-01 5.783054168955327201e-01 6.737386565313471243e-01 7.773646086988416082e-01 7.423139952138725350e-01 4.336436265859759387e-01 7.789648677923585174e-01 6.753086513119361811e-01 7.690009688188065295e-01 7.811082952173774574e-01 7.931045588994950490e-01 7.827092665158159601e-01 6.716119276350649425e-01 7.769596872835855539e-01 5.425134017951485088e-01 7.211598249678402572e-01 7.723416822806817850e-01 7.879885388044913785e-01 7.622096076913895679e-01 6.943981340934431978e-01 8.118269505583246559e-01 7.610455544195089406e-01 5.214980693250739208e-01 7.845285853626235983e-01 6.608814283799401279e-01 6.218748132756498626e-01 7.242016029733776561e-01 7.966846439522817791e-01
6.215467849766813657e-01 7.973494769563700402e-01 7.739361832923075113e-01 1.000000000000000000e+00 8.087304037696981807e-01 7.598226048942964272e-01 7.406597266791885570e-01 6.869183916165376713e-01 6.517997915396444020e-01 7.287612539445459392e-01 2.316781887057290934e-01 7.387507639522248315e-01 7.982267015917386965e-01 8.652374839181040667e-01 7.107656434786747690e-01 8.361810271279200846e-01 4.636277763158276888e-01 7.935473266918887658e-01 6.629619000005162466e-01 6.191403416216423317e-01 8.521166295449495998e-01 7.431128316558600622e-01 7.981951705482702719e-01 7.250894717888434204e-01 7.518591105439175193e-01 8.487502207306731883e-01 6.594571678617304755e-01 8.307783569974754867e-01 7.134282800472938613e-01 6.913433993282158685e-01 5.763057265354081249e-01 7.510181172367855762e-01 8.050398833977070456e-01 8.018756297381711695e-01 4.530374976385838082e-01 8.304563052083336894e-01 6.902854377587551715e-01 8.195165247112403684e-01 8.176802653430398360e-01 8.354316074932357505e-01 8.308930783546933929e-01 6.491851695639543340e-01 8.525338023806755539e-01 5.662731173366266635e-01 7.356311479470054593e-01 8.305434958048996119e-01 8.459848863773891114e-01 8.093076414714731603e-01 7.481979492953233501e-01 8.286355351133412039e-01 8.164155085810834711e-01 5.593434165253602375e-01 8.517026498650899224e-01 7.393943192793310804e-01 6.727740962095101196e-01 8.121291329655140334e-01 8.593989526232658216e-01
6.315830430711202315e-01 8.166710557685733507e-01 7.711478062035689307e-01 8.087304037696981807e-01 9.999999999996502797e-01 8.390376412715830901e-01 7.862341004904864761e-01 6.712237603148523135e-01 6.222359617841184409e-01 7.309510076945632262e-01 2.092754863175850799e-01 7.797993111260225207e-01 8.255892365483640249e-01 9.253366133051342812e-01 7.788338430229309051e-01 8.903370368573642057e-01 4.888478889054855836e-01 8.561312463733624645e-01 7.227928369216012339e-01 6.222147998100764354e-01 9.039193671928994478e-01 7.862023753414102423e-01 8.616457791196825422e-01 7.769045706166674004e-01 7.905812397514684342e-01 9.031062131524018044e-01 6.451251999994490616e-01 9.034976202845513837e-01 6.845498754662626695e-01 7.151716266382875942e-01 6.313973850507180741e-01 7.861026299772932990e-01 8.495423022367676325e-01 8.865179812580490371e-01 4.994236538490315902e-01 9.245718456680472874e-01 7.522616293817679933e-01 8.704125331305905267e-01 9.003255105123953994e-01 9.060339757808529848e-01 9.124595688511428770e-01 6.365610994995098970e-01 9.245431048401688834e-01 5.802389823560142323e-01 7.867661477193153008e-01 8.903568371580988794e-01 9.229259527649528172e-01 8.520110783653965791e-01 7.928859079442739377e-01 8.470313152649430188e-01 8.288885502915148695e-01 6.034460337653376749e-01 9.268899336269892375e-01 7.960120425491795659e-01 6.986883613356617007e-01 8.452000000479604758e-01 9.060628280555788061e-01
5.789186751168278189e-01 7.615528798341597572e-01 7.743403027966891949e-01 7.598226048942964272e-01 8.390376412715830901e-01 9.999999999996811439e-01 7.275224103742569115e-01 6.659835250469362533e-01 6.071381349020676943e-01 6.959532503073785348e-01 2.167020756617327737e-01 7.312722452008540985e-01 7.795146875578601309e-01 8.314641898500899631e-01 7.223282119185079342e-01 8.199064844147346820e-01 4.553601678619351167e-01 7.552356125902019990e-01 6.596055783516516779e-01 5.786989039798163814e-01 8.123926060509353286e-01 7.101782869619206462e-01 7.757839902761908268e-01 7.562808654016892618e-01 7.359652895288036900e-01 8.173830498803857925e-01 6.250349930848858593e-01 7.920093009589748156e-01 6.311678333535057916e-01 6.513133258145294979e-01 5.931367478577110885e-01 7.208205775587845920e-01 7.536274931185541481e-01 7.826940826978092680e-01 4.417586933001542704e-01 8.126760939652443172e-01 7.004839583653671431e-01 7.757892281032066073e-01 8.411249652701089374e-01 8.603355066878223267e-01 8.126214016242846450e-01 5.876701326807306502e-01 8.255099588724036375e-01 5.632847536630956053e-01 7.280476406173023163e-01 7.896122271047570917e-01 8.231772881310484014e-01 7.741050700398239837e-01 7.008419161654371177e-01 8.283022285688699249e-01 7.975248214786969658e-01 5.236602454203655999e-01 8.307328551459021160e-01 7.041520120714399589e-01 6.189619825600647385e-01 7.572134618323642652e-01 8.198287439226682460e-01
5.757058356289811440e-01 7.717015799279984822e-01 7.070726313162135623e-01 7.406597266791885570e-01 7.862341004904864761e-01 7.275224103742569115e-01 9.999999999998669953e-01 6.246136566511674149e-01 6.301287006883373731e-01 7.140588543399022381e-01 2.100572109323644021e-01 6.943755826822427535e-01 7.557152234021061732e-01 8.137289394996813918e-01 7.168189177072937790e-01 8.061263218661818275e-01 4.705223932016383559e-01 7.871277193018880736e-01 7.221640077288249415e-01 5.651232341284514460e-01 8.316065017777218848e-01 6.988485138584878964e-01 7.516318976676846786e-01 6.820504890709885304e-01 6.874038810192520943e-01 8.009598073523698236e-01 6.093520399725500525e-01 7.718891552356763608e-01 6.417325465867224077e-01 7.029112761161210310e-01 5.654115305686382431e-01 6.730868845927452382e-01 7.323028029094578173e-01 7.465645477283061604e-01 4.568254489468633883e-01 7.991797038324834901e-01 6.640904521585400122e-01 7.902296526936760657e-01 8.034308435432814255e-01 7.932487773437201239e-01 8.079983772097749650e-01 6.019759881031260251e-01 8.182364080840969223e-01 5.130445237729047703e-01 6.774151996907191720e-01 8.011847768571491724e-01 7.931566374254285234e-01 7.896156545776378266e-01 7.360458847396477156e-01 8.081856621693026543e-01 7.915729953856018852e-01 5.678535597118867795e-01 8.302610991629635340e-01 7.665290217293927455e-01 6.724845127976510906e-01 8.130887843993487296e-01 8.150284064259345485e-01
5.482127068900543021e-01 6.568015422884099230e-01 8.885347644866573580e-01 6.869183916165376713e-01 6.712237603148523135e-01 6.659835250469362533e-01 6.246136566511674149e-01 1.000000000000000000e+00 5.855320973165019094e-01 6.439823959324881830e-01 2.974905125829783725e-01 6.402770305403554518e-01 6.712805278007814014e-01 6.971420008229377574e-01 6.028889672567581126e-01 6.755604987033521081e-01 4.111783349189697123e-01 6.427414885482234386e-01 5.708457772327169000e-01 5.649685158481573266e-01 6.814707097887464649e-01 6.434868374121104351e-01 6.691755855367825800e-01 6.345238098258344506e-01 6.179024793970557816e-01 6.824001022796288840e-01 7.604926221796011188e-01 6.720847084116549075e-01 6.241630956887471715e-01 5.581031758407508647e-01 5.244043797969806242e-01 5.898392921402448863e-01 6.823882084259431657e-01 6.522206411335929044e-01 3.987311039493326437e-01 6.762671867448771801e-01 5.996968806910764060e-01 6.725605814842636754e-01 6.749407256760193707e-01 6.893538794776895573e-01 6.777155233107319265e-01 6.469785998257548965e-01 6.737844864379489707e-01 4.875727124435766946e-01 6.399901028660062163e-01 6.741671404913054388e-01 6.851745044302781640e-01 6.660482775801850330e-01 6.236494280570532567e-01 7.058508993963703571e-01 6.675106462234370319e-01 4.784138444437505133e-01 6.789338709619539003e-01 5.863256944280109684e-01 5.687148378340102228e-01 6.340104881174281060e-01 6.881997922086441344e-01
5.190346599384429993e-01 6.844956662698479244e-01 6.410137844679939523e-01 6.517997915396444020e-01 6.222359617841184409e-01 6.071381349020676943e-01 6.301287006883373731e-01 5.855320973165019094e-01 9.999999999999709122e-01 6.137137273490121947e-01 2.196400432851743356e-01 6.034720987429341710e-01 6.672082933442643471e-01 6.655325094790386364e-01 5.848411753153213155e-01 6.726856116716962708e-01 4.079728903047031841e-01 6.107356855264466367e-01 5.782580494617289846e-01 5.162028018096316284e-01 6.790164609659519179e-01 6.063732851505405641e-01 6.258454123423053961e-01 5.623825387281785604e-01 5.797923898136861931e-01 6.683502894085240342e-01 5.858049045043225433e-01 6.376854984889811506e-01 5.978760942796632616e-01 5.570001380579119310e-01 4.890345356508153385e-01 5.619988469741989956e-01 6.391993947182411651e-01 6.061018050762456699e-01 3.880705000427353557e-01 6.488438419517202904e-01 5.478377656809326757e-01 6.521916865065284785e-01 6.471148026855125801e-01 6.328599407942762101e-01 6.507759362959240068e-01 5.450966133555597004e-01 6.540391595884301745e-01 4.932693714205989011e-01 5.818976546918082082e-01 6.638429585525741361e-01 6.528138745625001738e-01 6.713336998805954359e-01 5.918219737733184660e-01 7.376224620382941799e-01 6.573631640890819083e-01 4.688838722887849753e-01 6.660018302940382551e-01 5.910146433528856713e-01 5.677325464082970674e-01 6.495774499395584600e-01 6.698701842676532126e-01
5.747648338401840640e-01 7.368214376419662814e-01 7.060563729189748283e-01 7.287612539445459392e-01 7.309510076945632262e-01 6.959532503073785348e-01 7.140588543399022381e-01 6.439823959324881830e-01 6.137137273490121947e-01 1.000000000000000000e+00 2.267443002248640260e-01 7.141611822090415673e-01 7.239836066789724356e-01 7.647286808873322572e-01 6.646745852197345483e-01 7.511064685453686662e-01 4.450291367413892751e-01 7.143310087494273430e-01 6.401876407031990013e-01 5.643277626978748795e-01 7.567931323313655811e-01 6.800540182943387579e-01 7.235447115041708788e-01 6.392510290678043994e-01 6.740516821303670358e-01 7.530721425375330735e-01 6.244994521444888758e-01 7.358826389832220372e-01 6.568677740603944271e-01 6.592134717568195468e-01 5.455381968171368889e-01 6.599006068251064283e-01 7.234308117641647939e-01 7.106470198397898397e-01 4.406796595066315159e-01 7.436287363738335321e-01 6.348971424862288604e-01 7.423936749342109342e-01 7.424039239772940446e-01 7.437334809669617908e-01 7.505804096394099734e-01 5.991509356669787456e-01 7.522375711656265063e-01 4.992337516844829182e-01 6.619972410532545259e-01 7.532262006185651559e-01 7.512278283611915075e-01 7.348990516178728338e-01 6.855761917312850340e-01 7.511294811893850509e-01 7.524622157771059250e-01 5.177543736444988332e-01 7.582070969638838864e-01 7.009513898879856653e-01 6.311860734142619167e-01 7.298838444436731576e-01 7.581772068122569763e-01
2.083216627764676310e-01 2.173757608221279503e-01 2.765215458197465281e-01 2.316781887057290934e-01 2.092754863175850799e-01 2.167020756617327737e-01 2.100572109323644021e-01 2.974905125829783725e-01 2.196400432851743356e-01 2.267443002248640260e-01 1.000000000000000000e+00 2.351109034799705455e-01 2.222711849865040834e-01 2.154095507471230631e-01 2.043152323900876144e-01 2.123371322752464208e-01 1.725248711231084087e-01 2.040409627878953525e-01 1.956891040265475445e-01 2.174610343654670985e-01 2.127705811878201902e-01 2.216753309339787037e-01 2.160097758250696942e-01 2.076568157721128960e-01 2.099232632618481253e-01 2.175771911369865086e-01 2.753270700612563959e-01 2.133746017131310235e-01 2.178333753482222523e-01 1.976803434631565215e-01 1.984650227571142789e-01 2.012233057091521726e-01 2.236822462843694181e-01 2.084708881600386976e-01 1.738773681806476956e-01 2.105029842675664731e-01 2.087447655239706434e-01 2.132911094828403020e-01 2.102792970307051368e-01 2.152311197448874558e-01 2.100609009529159354e-01 2.319556927020268444e-01 2.085973157927531463e-01 1.965306626851832106e-01 2.175775809914756442e-01 2.128267257044724192e-01 2.141983466701335159e-01 2.195595558861476171e-01 2.105863357615272158e-01 2.270756036531091371e-01 2.191555458244514309e-01 1.918857051815758830e-01 2.097252784554449467e-01 1.909587565271100851e-01 1.945794267882198780e-01 2.030259613625068349e-01 2.171568258936005802e-01
5.699371986423976688e-01 7.358085968030639856e-01 7.172175024092477535e-01 7.387507639522248315e-01 7.797993111260225207e-01 7.312722452008540985e-01 6.943755826822427535e-01 6.402770305403554518e-01 6.034720987429341710e-01 7.141611822090415673e-01 2.351109034799705455e-01 9.999999999999613642e-01 7.707971586109859663e-01 8.094733278241695862e-01 6.865207849306279586e-01 7.814057358179270496e-01 4.462622786544438447e-01 7.319550877173340853e-01 6.473380367017977921e-01 5.994214761389468071e-01 7.959342313665961344e-01 7.410174300729809316e-01 7.645645254501880483e-01 6.897995783977520778e-01 7.153779636305119816e-01 7.926142502515308719e-01 6.259272448250516874e-01 7.974971222183504516e-01 6.298208311890508559e-01 6.460527093339784033e-01 5.834446597877723795e-01 6.878750259613396478e-01 8.025686740804824915e-01 7.747352924112144157e-01 4.430143132378757120e-01 8.062271719306226547e-01 6.959349882495103889e-01 7.687579844480115776e-01 7.680780994527125483e-01 7.855138913100755405e-01 8.095036302055561572e-01 5.810247641909033200e-01 7.913589426583776953e-01 5.310416655625641580e-01 7.379576715975333379e-01 7.988888303867111018e-01 8.089125048421641484e-01 7.559600420342053040e-01 7.229932546008185357e-01 7.542946185196998110e-01 7.477462156344173438e-01 5.563710828158754396e-01 7.963244762862452530e-01 6.906450076768197999e-01 6.122864437750884514e-01 7.311330042756876146e-01 7.973497683061336883e-01
6.016852926862966688e-01 8.130489259524745771e-01 7.620029417055724785e-01 7.982267015917386965e-01 8.255892365483640249e-01 7.795146875578601309e-01 7.557152234021061732e-01 6.712805278007814014e-01 6.672082933442643471e-01 7.239836066789724356e-01 2.222711849865040834e-01 7.707971586109859663e-01 9.999999999997888356e-01 8.599497013409587165e-01 7.249355245168160877e-01 8.361912624327495491e-01 4.639209816400284292e-01 7.744372515984182526e-01 6.736916598899604924e-01 6.214162105323215446e-01 8.636322491665395784e-01 7.612506868321974318e-01 7.919822395421814987e-01 7.224694102808474350e-01 7.443939053828183550e-01 8.466287168049725365e-01 6.574806152971285345e-01 8.362582465108255869e-01 6.765682474290949378e-01 6.761461232520886711e-01 5.868130300094118734e-01 7.258650854685951836e-01 8.132097518791115975e-01 8.021008417170182314e-01 4.508978647459813693e-01 8.431356385594919178e-01 7.081466077029114903e-01 8.103217242114317820e-01 8.272216717312190770e-01 8.307176164821801212e-01 8.431081531157538222e-01 6.165547390420516027e-01 8.444171808728732076e-01 5.703755414892490716e-01 7.514246821001080434e-01 8.513218368042099193e-01 8.491527590175896867e-01 8.225025264867634744e-01 7.479259680075066585e-01 8.528616327103315520e-01 8.186023308772930607e-01 5.658475401641702707e-01 8.572661979006452881e-01 7.308774546222520652e-01 6.613926163512673373e-01 7.966613097832321300e-01 8.584992420716227590e-01
6.403367799902776047e-01 8.613220215214121289e-01 8.036631266238367655e-01 8.652374839181040667e-01 9.253366133051342812e-01 8.314641898500899631e-01 8.137289394996813918e-01 6.971420008229377574e-01 6.655325094790386364e-01 7.647286808873322572e-01 2.154095507471230631e-01 8.094733278241695862e-01 8.599497013409587165e-01 1.000000000000000000e+00 7.885905279762820408e-01 9.320745581376712607e-01 5.016435379601060784e-01 8.908259913883876946e-01 7.398599389161429896e-01 6.388093967677269669e-01 9.544631960023252093e-01 8.117513744888432692e-01 8.947155926873894272e-01 7.889351136957907240e-01 8.229432018021949347e-01 9.448069521746261801e-01 6.702849343270544935e-01 9.439718947347289779e-01 7.125027132598825697e-01 7.438895321518989023e-01 6.258042101787399947e-01 8.099212075318766857e-01 9.049708654904921046e-01 9.129734140492412608e-01 4.934928374337781976e-01 9.556698696569784213e-01 7.660897276976329495e-01 9.174353692206872468e-01 9.285679769131224282e-01 9.402522221003327685e-01 9.531043548741905402e-01 6.466487818629764739e-01 9.713537431069829697e-01 5.812256380694724722e-01 8.104580447483661354e-01 9.337598277725985829e-01 9.664543255478429407e-01 8.955211124430946246e-01 8.235136752478139366e-01 8.977715395792142949e-01 8.696552026453571171e-01 6.018906981238368870e-01 9.760227278883358837e-01 8.235641795191750436e-01 7.192615226438051623e-01 8.958064782360758427e-01 9.593973442059197110e-01
5.680043413039237432e-01 7.291371845431995347e-01 6.823175619477536147e-01 7.107656434786747690e-01 7.788338430229309051e-01 7.223282119185079342e-01 7.168189177072937790e-01 6.028889672567581126e-01 5.848411753153213155e-01 6.646745852197345483e-01 2.043152323900876144e-01 6.865207849306279586e-01 7.249355245168160877e-01 7.885905279762820408e-01 9.999999999998847589e-01 7.780145091681581748e-01 4.700461453849016924e-01 7.540958509800088638e-01 6.745253133756835551e-01 5.599839552846306301e-01 7.819644107548542333e-01 6.818931072519096581e-01 7.352488851760442534e-01 6.944677173422295624e-01 6.822110211782637101e-01 7.786502219316665530e-01 5.817960547075706756e-01 7.720973667709389865e-01 6.092010083197033632e-01 6.560889251906918407e-01 5.573788172211141534e-01 6.807326438010019576e-01 7.283339154635933843e-01 7.605376367643045254e-01 4.729408734588666507e-01 7.886878607956231413e-01 6.748555419711059766e-01 7.781079711829871348e-01 7.787247488783591853e-01 7.791794705929894205e-01 7.941291540891163292e-01 5.777912483831518786e-01 7.937411918911272402e-01 5.174626884204738264e-01 6.959411497408338754e-01 7.723442067604118222e-01 7.841829776142711372e-01 7.646629031489657891e-01 7.036266975693495906e-01 7.508306311084161910e-01 7.386683219410187240e-01 5.447300022493449800e-01 7.943053468925262983e-01 7.252440560761624910e-01 6.400483414642819113e-01 7.621671106462731826e-01 7.866521556339395316e-01
6.255789171327527098e-01 8.495727653563892590e-01 7.781016199956862778e-01 8.361810271279200846e-01 8.903370368573642057e-01 8.199064844147346820e-01 8.061263218661818275e-01 6.755604987033521081e-01 6.726856116716962708e-01 7.511064685453686662e-01 2.123371322752464208e-01 7.814057358179270496e-01 8.361912624327495491e-01 9.320745581376712607e-01 7.780145091681581748e-01 1.000000000000000000e+00 5.001693442672575651e-01 8.628307398892095526e-01 7.382619380895260042e-01 6.268664009350858324e-01 9.164840092312460662e-01 7.886197520355479051e-01 8.604557436998242492e-01 7.699788576874410095e-01 8.001383567417895692e-01 9.083448141299448331e-01 6.531986837931794687e-01 8.975905975441587081e-01 7.025085987041659319e-01 7.274258748268835895e-01 6.159098298397078786e-01 7.795926813474232109e-01 8.600358536411388810e-01 8.666410993454188860e-01 4.808441703903944542e-01 9.153295912756077568e-01 7.400823052323015627e-01 8.931743433923045039e-01 9.015867720349894920e-01 9.002662301037865911e-01 9.224278348455545729e-01 6.419997706874149834e-01 9.266852836179888531e-01 5.622339776128507660e-01 7.837707285870496587e-01 8.999774609125190672e-01 9.192918634312647885e-01 8.828874558011035045e-01 7.943356330187110181e-01 8.889422668232439539e-01 8.529462413469954818e-01 5.860332012482551978e-01 9.343306013353498418e-01 8.086826211986868351e-01 7.186335299042918567e-01 8.756156196369259126e-01 9.219459816183257495e-01
3.952635485118982106e-01 4.684146902556078906e-01 4.514096415128044937e-01 4.636277763158276888e-01 4.888478889054855836e-01 4.553601678619351167e-01 4.705223932016383559e-01 4.111783349189697123e-01 4.079728903047031841e-01 4.450291367413892751e-01 1.725248711231084087e-01 4.462622786544438447e-01 4.639209816400284292e-01 5.016435379601060784e-01 4.700461453849016924e-01 5.001693442672575651e-01 9.999999999999951150e-01 4.861591310763648810e-01 4.560164223161716213e-01 3.988337198712079701e-01 5.012483814688954986e-01 4.436188897445775825e-01 4.728527327233479349e-01 4.863859144592488359e-01 4.493996955219525247e-01 4.969444051332551626e-01 4.023584700420389515e-01 4.888954841335664825e-01 4.299569955235332253e-01 4.472570197579119333e-01 3.989481494452912225e-01 4.602959512451746393e-01 4.687388931477761700e-01 4.803794345224775553e-01 3.404536474755472386e-01 4.987099180681719979e-01 4.395948878779793456e-01 4.885161629213840562e-01 5.084073625184787337e-01 4.977359750853885823e-01 4.994894079548679588e-01 4.081973613556473257e-01 5.052400307124529366e-01 3.687247833732532065e-01 4.365344286765803217e-01 4.932943679667687320e-01 4.869169296109210898e-01 4.785142384840792018e-01 4.870133345685024873e-01 4.850353982258803209e-01 4.781905655195036187e-01 3.888288390177093712e-01 5.061770009508869128e-01 4.688060132821829651e-01 4.541287435173675391e-01 4.884381280809589887e-01 5.063597151162190224e-01
6.450419554863051630e-01 8.007762713661229492e-01 7.280567507516020331e-01 7.935473266918887658e-01 8.561312463733624645e-01 7.552356125902019990e-01 7.871277193018880736e-01 6.427414885482234386e-01 6.107356855264466367e-01 7.143310087494273430e-01 2.040409627878953525e-01 7.319550877173340853e-01 7.744372515984182526e-01 8.908259913883876946e-01 7.540958509800088638e-01 8.628307398892095526e-01 4.861591310763648810e-01 1.000000000000000000e+00 7.399195314161227666e-01 5.998597136931622664e-01 8.763761634939937206e-01 7.348980736574858286e-01 8.241841856484976025e-01 7.377109161466486320e-01 7.667796334313458084e-01 8.729534035413448745e-01 6.392526450749850264e-01 8.637746073834098315e-01 6.770123828300059765e-01 7.285026265847354132e-01 6.009921697996135626e-01 7.717492421294208649e-01 7.966866303749835510e-01 8.402260176759981380e-01 4.873187804454876537e-01 8.792665840137429134e-01 7.156523186018722837e-01 8.831164264227208127e-01 8.628549561110701038e-01 8.646787717111855676e-01 8.900795599023982874e-01 6.664045694431739442e-01 9.059375840669240398e-01 5.280290526440242216e-01 7.244744274384850025e-01 8.593025707985716410e-01 8.746772395502548925e-01 8.336525371509636573e-01 7.869341153099251862e-01 8.026062946130458897e-01 7.978721253554564852e-01 5.906618076862749644e-01 9.031233758991046301e-01 8.233210793662678606e-01 7.110221140466314038e-01 8.691803478934061467e-01 8.810618109236489914e-01
5.467178668564407484e-01 6.991366003411574326e-01 6.317975030459476171e-01 6.629619000005162466e-01 7.227928369216012339e-01 6.596055783516516779e-01 7.221640077288249415e-01 5.708457772327169000e-01 5.782580494617289846e-01 6.401876407031990013e-01 1.956891040265475445e-01 6.473380367017977921e-01 6.736916598899604924e-01 7.398599389161429896e-01 6.745253133756835551e-01 7.382619380895260042e-01 4.560164223161716213e-01 7.399195314161227666e-01 9.999999999997357669e-01 5.358641649709090515e-01 7.411202213876517675e-01 6.386575123421386335e-01 6.941904378567269607e-01 6.309437142086189443e-01 6.346554912539250637e-01 7.261776933235628562e-01 5.464996960183028385e-01 7.073162152448916329e-01 5.785587458750213186e-01 6.561240849329773583e-01 5.406359094611508098e-01 6.258039431979364187e-01 6.658126481241575245e-01 6.971974185804908908e-01 4.477795012580079170e-01 7.331188720710222206e-01 6.245347510153885784e-01 7.223465452543184062e-01 7.381064676472636199e-01 7.220722266696737446e-01 7.449793594708596922e-01 5.539960486288252328e-01 7.521776921320062481e-01 4.659233539710777583e-01 6.354947971272120189e-01 7.267082751403548535e-01 7.266286618403652309e-01 7.120489429023054706e-01 6.901710592617690265e-01 7.036583107928392478e-01 7.066700855174927742e-01 5.405343422360406880e-01 7.562850296284555629e-01 7.256765434102377954e-01 6.376858907367010110e-01 7.308354931757470307e-01 7.368669913985335107e-01
5.057883539556549124e-01 6.044020231269938703e-01 6.036562457409702098e-01 6.191403416216423317e-01 6.222147998100764354e-01 5.786989039798163814e-01 5.651232341284514460e-01 5.649685158481573266e-01 5.162028018096316284e-01 5.643277626978748795e-01 2.174610343654670985e-01 5.994214761389468071e-01 6.214162105323215446e-01 6.388093967677269669e-01 5.599839552846306301e-01 6.268664009350858324e-01 3.988337198712079701e-01 5.998597136931622664e-01 5.358641649709090515e-01 9.999999999999520384e-01 6.268627055325215469e-01 6.055432385601180467e-01 6.226882005170767398e-01 5.720890014352496555e-01 5.741428199173429503e-01 6.340999026871328992e-01 5.445615532704233264e-01 6.405128374460197227e-01 5.560869694732198942e-01 5.247624672391637546e-01 5.212911630694180287e-01 5.664090130374209719e-01 6.342472386847249899e-01 6.173843357648740593e-01 4.016840748843015230e-01 6.372254892789568359e-01 5.692150137954340439e-01 6.192765305152090338e-01 6.172367892239607468e-01 6.261642440070188664e-01 6.354253726976728522e-01 5.340821069778481922e-01 6.299901337501914167e-01 4.662554049858445016e-01 5.931282138007764049e-01 6.396583549205331343e-01 6.369869327229278344e-01 6.242678664916100351e-01 5.770103160399362441e-01 6.164155520581485748e-01 5.972834122274354174e-01 4.677439986079582335e-01 6.279470878794957134e-01 5.581334565586724139e-01 5.377616852222999455e-01 5.954436003436169855e-01 6.377454972644671649e-01
6.272867327286761885e-01 8.611230385212399474e-01 7.886442300286907736e-01 8.521166295449495998e-01 9.039193671928994478e-01 8.123926060509353286e-01 8.316065017777218848e-01 6.814707097887464649e-01 6.790164609659519179e-01 7.567931323313655811e-01 2.127705811878201902e-01 7.959342313665961344e-01 8.636322491665395784e-01 9.544631960023252093e-01 7.819644107548542333e-01 9.164840092312460662e-01 5.012483814688954986e-01 8.763761634939937206e-01 7.411202213876517675e-01 6.268627055325215469e-01 9.999999999996282973e-01 7.979653322426349948e-01 8.653047680416400267e-01 7.740656349192552854e-01 7.970527273679222091e-01 9.338279718915540872e-01 6.764385698906616451e-01 9.155537973817944319e-01 7.231165423969534434e-01 7.592681216810271971e-01 6.238607706465642000e-01 7.950872854344162022e-01 8.770179940394613460e-01 8.802179121269535500e-01 4.862042940177634387e-01 9.342231763637660613e-01 7.587091054139941670e-01 9.056954770216660844e-01 9.144316534056978751e-01 9.130684829045966344e-01 9.379671729329916996e-01 6.439128129501754394e-01 9.433329974637830739e-01 5.835873796025939919e-01 7.825823860877371141e-01 9.273284719522089103e-01 9.304247486654719790e-01 8.871345598486725104e-01 8.203209176734620467e-01 8.998624694941541602e-01 8.768467063890545976e-01 5.999544449285026948e-01 9.560217581260490594e-01 8.267156279760624615e-01 7.312845888089404278e-01 8.940531546662414675e-01 9.484556594624776737e-01
5.778217332042210330e-01 7.569625651803895128e-01 7.231095345856183298e-01 7.431128316558600622e-01 7.862023753414102423e-01 7.101782869619206462e-01 6.988485138584878964e-01 6.434868374121104351e-01 6.063732851505405641e-01 6.800540182943387579e-01 2.216753309339787037e-01 7.410174300729809316e-01 7.612506868321974318e-01 8.117513744888432692e-01 6.818931072519096581e-01 7.886197520355479051e-01 4.436188897445775825e-01 7.348980736574858286e-01 6.386575123421386335e-01 6.055432385601180467e-01 7.979653322426349948e-01 1.000000000000000000e+00 7.805678625163446904e-01 6.916602753455116659e-01 7.112511665497064373e-01 7.953363728592451887e-01 6.145077616141435550e-01 8.101624504781168579e-01 6.406813803504531890e-01 6.208863738270393728e-01 5.710353638926848330e-01 6.836580919993417993e-01 8.199159510624031144e-01 7.908668431698525625e-01 4.390984103307200570e-01 8.115374207816762331e-01 7.185574206628362326e-01 7.782960845136344119e-01 7.673392380302938021e-01 7.845095146083157500e-01 8.096661974577185061e-01 5.802235112103459880e-01 7.886161429260596378e-01 5.455005677785910168e-01 7.696480865416450712e-01 8.008539609815592542e-01 8.196735369520862236e-01 7.639895905612709148e-01 7.055132817725640049e-01 7.579825957412924531e-01 7.285788905632597512e-01 5.542564472206354953e-01 7.915517677505242711e-01 6.650166445955218997e-01 6.116477863653172475e-01 7.240572665670442776e-01 8.040189500327685757e-01
6.117328478468881947e-01 8.059506690468601908e-01 7.579692241737366887e-01 7.981951705482702719e-01 8.616457791196825422e-01 7.757839902761908268e-01 7.516318976676846786e-01 6.691755855367825800e-01 6.258454123423053961e-01 7.235447115041708788e-01 2.160097758250696942e-01 7.645645254501880483e-01 7.919822395421814987e-01 8.947155926873894272e-01 7.352488851760442534e-01 8.604557436998242492e-01 4.728527327233479349e-01 8.241841856484976025e-01 6.941904378567269607e-01 6.226882005170767398e-01 8.653047680416400267e-01 7.805678625163446904e-01 9.999999999997333244e-01 7.502474827143961189e-01 7.807743938685198781e-01 8.706329778723245205e-01 6.445980577636836184e-01 8.748929053344901563e-01 6.607286463410827482e-01 6.816883954498237363e-01 6.039466811495939336e-01 7.578758158268507072e-01 8.589717960008431685e-01 8.622528013610681885e-01 4.736957537580103739e-01 8.896459980098319065e-01 7.356484712949418192e-01 8.501110980621452429e-01 8.463886450798877581e-01 8.644846399799899217e-01 8.722186054361461549e-01 6.189841498083982207e-01 8.839183590108001809e-01 5.638566089356118471e-01 7.723568405076791654e-01 8.603954183628962360e-01 8.987176071096515395e-01 8.231215604385514473e-01 7.671202148787255037e-01 8.210898977002452082e-01 7.902183803073027368e-01 5.865357089303532279e-01 8.827000210901877475e-01 7.605061306996830917e-01 6.764380883563049229e-01 8.049221254463140296e-01 8.734173333080380575e-01
5.657031824572382739e-01 7.109875226940849391e-01 7.194431713841925591e-01 7.250894717888434204e-01 7.769045706166674004e-01 7.562808654016892618e-01 6.820504890709885304e-01 6.345238098258344506e-01 5.623825387281785604e-01 6.392510290678043994e-01 2.076568157721128960e-01 6.897995783977520778e-01 7.224694102808474350e-01 7.889351136957907240e-01 6.944677173422295624e-01 7.699788576874410095e-01 4.863859144592488359e-01 7.377109161466486320e-01 6.309437142086189443e-01 5.720890014352496555e-01 7.740656349192552854e-01 6.916602753455116659e-01 7.502474827143961189e-01 9.999999999998527844e-01 7.153397046416505312e-01 7.731523123527765939e-01 6.098579118353092410e-01 7.818845264236728987e-01 6.245170252796127253e-01 6.235247901209903798e-01 5.672194929504966732e-01 6.882881329460016628e-01 7.508134084689990217e-01 7.591268166715854360e-01 4.392875736113169283e-01 7.792517056546607312e-01 6.751671434074335565e-01 7.614503080700065762e-01 7.818407876739187357e-01 7.942505613449228896e-01 7.826607659413975515e-01 5.751446107668415353e-01 7.862903652748269856e-01 5.344979366767973472e-01 6.947348201834545600e-01 7.622338091999980580e-01 7.853418464912746977e-01 7.392026968509762819e-01 6.846167519225075937e-01 7.429149403139492236e-01 7.198817054106475544e-01 5.522523429458359168e-01 7.872748914117194685e-01 6.670527310283547173e-01 5.990583715749137061e-01 7.232727198314016226e-01 7.803081791701942382e-01
5.952177788376969980e-01 7.523032731125998129e-01 6.994898709510901647e-01 7.518591105439175193e-01 7.905812397514684342e-01 7.359652895288036900e-01 6.874038810192520943e-01 6.179024793970557816e-01 5.797923898136861931e-01 6.740516821303670358e-01 2.099232632618481253e-01 7.153779636305119816e-01 7.443939053828183550e-01 8.229432018021949347e-01 6.822110211782637101e-01 8.001383567417895692e-01 4.493996955219525247e-01 7.667796334313458084e-01 6.346554912539250637e-01 5.741428199173429503e-01 7.970527273679222091e-01 7.112511665497064373e-01 7.807743938685198781e-01 7.153397046416505312e-01 9.999999999996638245e-01 8.111363177932650048e-01 6.023503208344047621e-01 8.071756222018002802e-01 6.440402380769995050e-01 6.451060475881874590e-01 5.558701783333094282e-01 8.236045705473996614e-01 7.963089107936613953e-01 7.936103832954135573e-01 4.419190052370395305e-01 8.109973033302568801e-01 6.935887940951490638e-01 7.920754332112279750e-01 7.854329895064819933e-01 8.136466915360460739e-01 8.016678017854441674e-01 5.857283454194199823e-01 8.075236607654081578e-01 5.477943226811076149e-01 7.225428258479709154e-01 8.020123487164788623e-01 8.242008649318498525e-01 7.754468387582129640e-01 6.958598152377626356e-01 7.584568074060622500e-01 7.368032420784155212e-01 5.480853214883908420e-01 8.141955371238227546e-01 6.782196303053352748e-01 6.197446689829881894e-01 7.426977166332089375e-01 8.067005187885799566e-01
6.337464409130523224e-01 8.509853270466924968e-01 7.881062293093271665e-01 8.487502207306731883e-01 9.031062131524018044e-01 8.173830498803857925e-01 8.009598073523698236e-01 6.824001022796288840e-01 6.683502894085240342e-01 7.530721425375330735e-01 2.175771911369865086e-01 7.926142502515308719e-01 8.466287168049725365e-01 9.448069521746261801e-01 7.786502219316665530e-01 9.083448141299448331e-01 4.969444051332551626e-01 8.729534035413448745e-01 7.261776933235628562e-01 6.340999026871328992e-01 9.338279718915540872e-01 7.953363728592451887e-01 8.706329778723245205e-01 7.731523123527765939e-01 8.111363177932650048e-01 1.000000000000000000e+00 6.653911696153125277e-01 9.176414670315150568e-01 7.078495923887131447e-01 7.340865171129410394e-01 6.203476978971498301e-01 8.099988160202374887e-01 8.800984086234172610e-01 8.851126957677850626e-01 4.824119946074841292e-01 9.281059173113501704e-01 7.546838968244965473e-01 9.025639928816618918e-01 9.085543038875834032e-01 9.107340009770602540e-01 9.224488174377346583e-01 6.427402811999524124e-01 9.397120726606784658e-01 5.870679045265490004e-01 7.865094030501386113e-01 9.126559491558088322e-01 9.335199816446143606e-01 8.818814425024998904e-01 8.007539876052578443e-01 8.928536897696851549e-01 8.546113390264706844e-01 6.074482530225937538e-01 9.404108100162722472e-01 8.019852343325313271e-01 7.114831102961011178e-01 8.761129344908151761e-01 9.359019499158716116e-01
6.314123512858412779e-01 6.453042407757609844e-01 7.893359721992585509e-01 6.594571678617304755e-01 6.451251999994490616e-01 6.250349930848858593e-01 6.093520399725500525e-01 7.604926221796011188e-01 5.858049045043225433e-01 6.244994521444888758e-01 2.753270700612563959e-01 6.259272448250516874e-01 6.574806152971285345e-01 6.702849343270544935e-01 5.817960547075706756e-01 6.531986837931794687e-01 4.023584700420389515e-01 6.392526450749850264e-01 5.464996960183028385e-01 5.445615532704233264e-01 6.764385698906616451e-01 6.145077616141435550e-01 6.445980577636836184e-01 6.098579118353092410e-01 6.023503208344047621e-01 6.653911696153125277e-01 9.999999999998907541e-01 6.551786600778327641e-01 6.499265690280388030e-01 5.634660300958181933e-01 5.239411834511653598e-01 5.854237009968936700e-01 6.647002753957336196e-01 6.243550286140855388e-01 3.957433042043205229e-01 6.579734282616102048e-01 5.756485967975268903e-01 6.643310760591575326e-01 6.557494238472755255e-01 6.576761554962959888e-01 6.592738411538168197e-01 7.691068745015762209e-01 6.451385742734579987e-01 5.028953852512189071e-01 6.160467959700542950e-01 6.593471100652894545e-01 6.588881999631668318e-01 6.481587789645737452e-01 6.001212494337211378e-01 6.854232410072211845e-01 6.458020745839584409e-01 4.752976336828073634e-01 6.564099949101093179e-01 5.723391690998060888e-01 5.495956097129491846e-01 6.174422850207464952e-01 6.748546143840258305e-01
6.230664013219666675e-01 8.322017398734329330e-01 7.730561128315948105e-01 8.307783569974754867e-01 9.034976202845513837e-01 7.920093009589748156e-01 7.718891552356763608e-01 6.720847084116549075e-01 6.376854984889811506e-01 7.358826389832220372e-01 2.133746017131310235e-01 7.974971222183504516e-01 8.362582465108255869e-01 9.439718947347289779e-01 7.720973667709389865e-01 8.975905975441587081e-01 4.888954841335664825e-01 8.637746073834098315e-01 7.073162152448916329e-01 6.405128374460197227e-01 9.155537973817944319e-01 8.101624504781168579e-01 8.748929053344901563e-01 7.818845264236728987e-01 8.071756222018002802e-01 9.176414670315150568e-01 6.551786600778327641e-01 1.000000000000000000e+00 6.995187026898800342e-01 7.097379578118045984e-01 6.242455122116697952e-01 8.001097188339176824e-01 9.117928341127894409e-01 9.058506909327005419e-01 4.919649552806387716e-01 9.396220965078998510e-01 7.561344543332002566e-01 8.984415672282795029e-01 8.801228531271203526e-01 8.983010314684837239e-01 9.337236310388210558e-01 6.365871731406745893e-01 9.361500885015159312e-01 5.815761560493459825e-01 8.133704939241909182e-01 9.130392554381899783e-01 9.453054151303775798e-01 8.699453064317878015e-01 7.996679124828965923e-01 8.558235357048207259e-01 8.260127666682963721e-01 6.172829883910211368e-01 9.341587086976953502e-01 7.841974616692408695e-01 6.898891660364194767e-01 8.522520384678887728e-01 9.283061185971661633e-01
