1.000000000000000000e+00 6.338659769241035136e-01 6.400567909306814629e-01 8.411886932402515837e-01 3.171950243344666132e-01 4.772145269508522025e-01 8.597640119061400465e-01 8.814869738686516021e-01 6.528408559106247955e-01 8.144542106108904056e-01 7.095162599096287437e-01 8.658811386017222222e-01 8.512289651021495152e-01 7.916094593394886747e-01 8.344540208328647957e-01 4.929909772556801961e-01 8.331981400178138930e-01 7.526482138249731557e-01 7.603692792404268541e-01 4.113190377466433567e-01 8.132696757994359871e-01 8.443202936111697809e-01 5.781160946568856263e-01 1.557234707614351121e-01 6.700389777470723285e-01 6.550812072677373310e-01 2.831570676302596068e-01
6.338659769241035136e-01 9.999999999998918643e-01 5.440774021526746385e-01 6.312440820309663803e-01 4.153182138041326410e-01 4.907840270287598394e-01 6.418977025856654750e-01 6.466487818629764739e-01 6.469785998257548965e-01 6.342075261119342056e-01 5.701355031204143886e-01 6.269522770630234776e-01 6.460643466960966919e-01 6.211216719615819670e-01 6.319146294737664205e-01 4.983574239350286317e-01 6.664045694431739442e-01 6.018013931610589617e-01 5.934341361738156850e-01 3.896073390907383027e-01 6.394087625523114937e-01 6.557593576674128899e-01 4.686989118201292381e-01 1.549518541864406407e-01 6.604050631323350462e-01 5.262609906897237622e-01 2.550003704934109550e-01
6.400567909306814629e-01 5.440774021526746385e-01 9.999999999998483435e-01 6.529012768407504996e-01 3.145934164914725994e-01 4.788825603712656420e-01 6.707418879806289480e-01 6.675866472856116784e-01 5.655380057148935435e-01 6.763668079871564265e-01 5.927247167150190288e-01 6.431022584455673430e-01 6.606841571332091601e-01 6.749247357168041139e-01 6.674895134164606780e-01 4.454391574278108168e-01 6.343994845894354029e-01 5.587991706671230352e-01 6.150854903846536548e-01 4.045359674913988624e-01 6.729126278312832499e-01 6.570725898554623523e-01 4.787230177032562040e-01 1.558447512982048810e-01 5.848373145870219281e-01 5.461225334672306087e-01 2.414668275326726510e-01
8.411886932402515837e-01 6.312440820309663803e-01 6.529012768407504996e-01 9.999999999996567190e-01 3.218853825904460786e-01 5.150621597258235873e-01 8.616639667704145689e-01 9.081031124236788044e-01 7.178776342082007211e-01 8.672543544550066485e-01 7.688236656327266383e-01 8.850795254429132397e-01 8.775204284641210384e-01 8.101136866416979165e-01 8.233619638038095490e-01 5.518685007276463717e-01 8.058936009092743102e-01 7.320832163774178003e-01 8.225426751113366075e-01 4.305913166290612493e-01 8.547843675995350221e-01 8.507048380840013246e-01 5.972087733318338643e-01 1.626490319291722664e-01 6.869909547891441814e-01 6.600803582163233818e-01 2.857206491420823946e-01
3.171950243344666132e-01 4.153182138041326410e-01 3.145934164914725994e-01 3.218853825904460786e-01 9.999999999999862332e-01 4.513519150738430352e-01 3.394735869764351488e-01 3.335413097271697769e-01 3.801597584661984275e-01 3.329173076358316608e-01 2.885146892388407713e-01 3.209435979141507245e-01 3.432345921824208057e-01 3.506370295574508522e-01 3.427178121968336155e-01 2.910272974211300934e-01 3.408281691687712889e-01 3.103535231353415913e-01 3.229942427126316629e-01 2.560404625773681775e-01 3.356014453496184990e-01 3.303913509936435289e-01 2.674099719091474481e-01 1.197151878146126558e-01 3.638970479854871098e-01 2.908386321864153690e-01 1.768217895343213164e-01
4.772145269508522025e-01 4.907840270287598394e-01 4.788825603712656420e-01 5.150621597258235873e-01 4.513519150738430352e-01 9.999999999999804601e-01 5.199674161647908077e-01 5.187984071977643774e-01 4.988216419840855176e-01 5.338102536123275899e-01 4.458945434087372428e-01 4.946082198822336906e-01 5.329283062324242648e-01 5.482536194893835590e-01 5.126405552859941706e-01 3.880747587815831512e-01 4.994037946622058577e-01 4.542326031021672872e-01 4.896800066148744857e-01 3.511987589303743329e-01 5.336935392081609830e-01 5.131406740325823446e-01 3.828239553235084358e-01 1.398254131876173756e-01 5.157102442014062094e-01 4.560839578042270581e-01 2.234601490075186769e-01
8.597640119061400465e-01 6.418977025856654750e-01 6.707418879806289480e-01 8.616639667704145689e-01 3.394735869764351488e-01 5.199674161647908077e-01 1.000000000000000000e+00 9.431789288734291343e-01 6.778688512003950839e-01 9.257191074407622455e-01 7.400725684130695647e-01 8.680322982188425351e-01 9.419078297276504141e-01 9.082796693444327163e-01 9.320449228666730646e-01 4.840774231780788917e-01 8.744954728997539339e-01 7.668423709092871965e-01 7.699213757831296912e-01 5.027349287640927589e-01 9.248632305788747621e-01 8.890379160213021104e-01 5.914586449202767771e-01 1.565829723283145014e-01 7.096808977914311756e-01 6.640631184723091440e-01 2.720644084327921708e-01
8.814869738686516021e-01 6.466487818629764739e-01 6.675866472856116784e-01 9.081031124236788044e-01 3.335413097271697769e-01 5.187984071977643774e-01 9.431789288734291343e-01 1.000000000000000000e+00 6.971420008229377574e-01 9.077836201181811449e-01 7.881614037176286613e-01 9.243586937288816863e-01 9.361520355381839353e-01 8.790107285246632207e-01 9.192731138145063818e-01 5.164970501463633790e-01 8.908259913883876946e-01 7.936591431273126718e-01 8.207379068900790831e-01 4.569382668513214396e-01 8.977715395792142949e-01 9.174353692206872468e-01 6.049795578638390570e-01 1.555692235755251618e-01 7.125027132598825697e-01 6.841845685609386774e-01 2.838478506541921575e-01
6.528408559106247955e-01 6.469785998257548965e-01 5.655380057148935435e-01 7.178776342082007211e-01 3.801597584661984275e-01 4.988216419840855176e-01 6.778688512003950839e-01 6.971420008229377574e-01 1.000000000000000000e+00 7.205492125890857746e-01 6.266597113439114075e-01 6.810855713712931081e-01 7.025966436097397239e-01 6.576948333596490670e-01 6.416658856558040691e-01 5.992048863521519664e-01 6.427414885482234386e-01 5.820891151953426768e-01 6.815722701052375765e-01 3.899678478917510960e-01 7.058508993963703571e-01 6.725605814842636754e-01 5.133575344196518175e-01 1.581138255362646572e-01 6.241630956887471715e-01 5.717422452992784176e-01 2.718499851360014485e-01
8.144542106108904056e-01 6.342075261119342056e-01 6.763668079871564265e-01 8.672543544550066485e-01 3.329173076358316608e-01 5.338102536123275899e-01 9.257191074407622455e-01 9.077836201181811449e-01 7.205492125890857746e-01 9.999999999999957812e-01 7.743333173452382479e-01 8.535823386509132638e-01 9.158989015784108068e-01 8.810124159686103518e-01 8.572213651740987483e-01 5.035014061262645946e-01 8.007203447463926427e-01 7.129471233402255859e-01 7.855205061642570596e-01 5.188351013037830750e-01 9.438889983804407136e-01 8.571977938536672337e-01 6.018143131800625101e-01 1.614144978234752226e-01 6.957055897242402365e-01 6.564862669082389690e-01 2.673770496096635196e-01
7.095162599096287437e-01 5.701355031204143886e-01 5.927247167150190288e-01 7.688236656327266383e-01 2.885146892388407713e-01 4.458945434087372428e-01 7.400725684130695647e-01 7.881614037176286613e-01 6.266597113439114075e-01 7.743333173452382479e-01 1.000000000000000000e+00 7.795510383875257077e-01 7.498472952586399121e-01 6.972234535335244399e-01 6.910599520311473398e-01 4.727275712816724207e-01 6.830218436879763599e-01 6.621847724550271597e-01 7.256268216083213707e-01 4.599720469849344351e-01 7.663549956333299829e-01 7.397645975853185396e-01 5.735603703714436952e-01 1.652134254282566217e-01 6.396508646677253607e-01 6.283163311162487386e-01 2.752032429583979312e-01
8.658811386017222222e-01 6.269522770630234776e-01 6.431022584455673430e-01 8.850795254429132397e-01 3.209435979141507245e-01 4.946082198822336906e-01 8.680322982188425351e-01 9.243586937288816863e-01 6.810855713712931081e-01 8.535823386509132638e-01 7.795510383875257077e-01 9.999999999995339284e-01 8.734935718465204335e-01 8.047120706075451269e-01 8.416527604927168671e-01 5.315382206350711680e-01 8.282866105181024841e-01 7.751074007515224018e-01 8.224805555613612373e-01 4.525452503036253571e-01 8.514270885197086081e-01 8.839968636835128235e-01 6.139668805632078064e-01 1.575324095630996901e-01 6.958295394628414288e-01 6.687591579976713829e-01 2.881778435883261547e-01
8.512289651021495152e-01 6.460643466960966919e-01 6.606841571332091601e-01 8.775204284641210384e-01 3.432345921824208057e-01 5.329283062324242648e-01 9.419078297276504141e-01 9.361520355381839353e-01 7.025966436097397239e-01 9.158989015784108068e-01 7.498472952586399121e-01 8.734935718465204335e-01 9.999999999999855671e-01 8.985646415362708028e-01 8.934223752831699228e-01 5.024179217714358492e-01 8.484610886671788421e-01 7.760566507611317277e-01 7.858283023553016555e-01 4.654071493743445753e-01 9.274771993787679358e-01 8.752886730797915238e-01 5.898246491934570068e-01 1.571531636271869259e-01 7.183100696388906581e-01 6.549143151646952266e-01 2.806972908736000138e-01
7.916094593394886747e-01 6.211216719615819670e-01 6.749247357168041139e-01 8.101136866416979165e-01 3.506370295574508522e-01 5.482536194893835590e-01 9.082796693444327163e-01 8.790107285246632207e-01 6.576948333596490670e-01 8.810124159686103518e-01 6.972234535335244399e-01 8.047120706075451269e-01 8.985646415362708028e-01 1.000000000000000000e+00 8.974694067489842331e-01 4.714718038838495717e-01 8.182104964418891457e-01 7.069588709617853350e-01 7.397574289187277552e-01 4.643112915288912790e-01 8.982698059864168139e-01 8.406495874899553300e-01 5.481697508904744831e-01 1.538421172759353583e-01 6.934201055506947764e-01 6.250479997669993182e-01 2.631703098316163225e-01
8.344540208328647957e-01 6.319146294737664205e-01 6.674895134164606780e-01 8.233619638038095490e-01 3.427178121968336155e-01 5.126405552859941706e-01 9.320449228666730646e-01 9.192731138145063818e-01 6.416658856558040691e-01 8.572213651740987483e-01 6.910599520311473398e-01 8.416527604927168671e-01 8.934223752831699228e-01 8.974694067489842331e-01 1.000000000000000000e+00 4.822385203588420710e-01 8.932086939655521363e-01 7.491351260106445809e-01 7.484167297473376390e-01 4.599001728884840601e-01 8.663788290724351304e-01 8.916336699834715995e-01 5.602344808377651697e-01 1.504358477793420468e-01 6.751453238115874278e-01 6.441792547077571651e-01 2.624316043774028162e-01
4.929909772556801961e-01 4.983574239350286317e-01 4.454391574278108168e-01 5.518685007276463717e-01 2.910272974211300934e-01 3.880747587815831512e-01 4.840774231780788917e-01 5.164970501463633790e-01 5.992048863521519664e-01 5.035014061262645946e-01 4.727275712816724207e-01 5.315382206350711680e-01 5.024179217714358492e-01 4.714718038838495717e-01 4.822385203588420710e-01 1.000000000000000000e+00 4.871799721821178930e-01 4.516603340171732595e-01 5.564080402291152749e-01 3.365179374276957569e-01 4.937752715186516927e-01 5.163179053244530969e-01 4.031267781263389582e-01 1.472426128097389653e-01 4.610973319591644692e-01 4.365885964002887976e-01 2.621674147040221614e-01
8.331981400178138930e-01 6.664045694431739442e-01 6.343994845894354029e-01 8.058936009092743102e-01 3.408281691687712889e-01 4.994037946622058577e-01 8.744954728997539339e-01 8.908259913883876946e-01 6.427414885482234386e-01 8.007203447463926427e-01 6.830218436879763599e-01 8.282866105181024841e-01 8.484610886671788421e-01 8.182104964418891457e-01 8.932086939655521363e-01 4.871799721821178930e-01 1.000000000000000000e+00 7.894041546966035217e-01 7.280816293041310061e-01 4.203416205749885282e-01 8.026062946130458897e-01 8.831164264227208127e-01 5.531037728185386193e-01 1.510951762801064913e-01 6.770123828300059765e-01 6.363575417277352875e-01 2.740013276518865615e-01
7.526482138249731557e-01 6.018013931610589617e-01 5.587991706671230352e-01 7.320832163774178003e-01 3.103535231353415913e-01 4.542326031021672872e-01 7.668423709092871965e-01 7.936591431273126718e-01 5.820891151953426768e-01 7.129471233402255859e-01 6.621847724550271597e-01 7.751074007515224018e-01 7.760566507611317277e-01 7.069588709617853350e-01 7.491351260106445809e-01 4.516603340171732595e-01 7.894041546966035217e-01 9.999999999998709921e-01 6.785382832864814695e-01 4.009983932415092656e-01 7.163743473326539268e-01 7.734972505525795627e-01 5.284954449701120271e-01 1.538487192524481129e-01 6.422104526003691305e-01 5.846258438925919787e-01 2.927076154012753229e-01
7.603692792404268541e-01 5.934341361738156850e-01 6.150854903846536548e-01 8.225426751113366075e-01 3.229942427126316629e-01 4.896800066148744857e-01 7.699213757831296912e-01 8.207379068900790831e-01 6.815722701052375765e-01 7.855205061642570596e-01 7.256268216083213707e-01 8.224805555613612373e-01 7.858283023553016555e-01 7.397574289187277552e-01 7.484167297473376390e-01 5.564080402291152749e-01 7.280816293041310061e-01 6.785382832864814695e-01 1.000000000000000000e+00 4.324722940796771331e-01 7.853668578089353369e-01 7.851646200510253859e-01 5.810642526540298336e-01 1.691272463792319880e-01 6.519222473702461773e-01 6.266418973648261170e-01 2.797225666812683254e-01
4.113190377466433567e-01 3.896073390907383027e-01 4.045359674913988624e-01 4.305913166290612493e-01 2.560404625773681775e-01 3.511987589303743329e-01 5.027349287640927589e-01 4.569382668513214396e-01 3.899678478917510960e-01 5.188351013037830750e-01 4.599720469849344351e-01 4.525452503036253571e-01 4.654071493743445753e-01 4.643112915288912790e-01 4.599001728884840601e-01 3.365179374276957569e-01 4.203416205749885282e-01 4.009983932415092656e-01 4.324722940796771331e-01 1.000000000000000000e+00 4.966021451800193831e-01 4.643910296119216907e-01 3.726122491506711487e-01 1.464072767414157372e-01 4.337382309505971034e-01 3.794464297343805859e-01 2.150365940034056067e-01
8.132696757994359871e-01 6.394087625523114937e-01 6.729126278312832499e-01 8.547843675995350221e-01 3.356014453496184990e-01 5.336935392081609830e-01 9.248632305788747621e-01 8.977715395792142949e-01 7.058508993963703571e-01 9.438889983804407136e-01 7.663549956333299829e-01 8.514270885197086081e-01 9.274771993787679358e-01 8.982698059864168139e-01 8.663788290724351304e-01 4.937752715186516927e-01 8.026062946130458897e-01 7.163743473326539268e-01 7.853668578089353369e-01 4.966021451800193831e-01 1.000000000000000000e+00 8.568571923843080196e-01 6.155788132918699196e-01 1.630797232862923885e-01 7.077514779718990789e-01 6.501143127662637466e-01 2.655843817629818249e-01
8.443202936111697809e-01 6.557593576674128899e-01 6.570725898554623523e-01 8.507048380840013246e-01 3.303913509936435289e-01 5.131406740325823446e-01 8.890379160213021104e-01 9.174353692206872468e-01 6.725605814842636754e-01 8.571977938536672337e-01 7.397645975853185396e-01 8.839968636835128235e-01 8.752886730797915238e-01 8.406495874899553300e-01 8.916336699834715995e-01 5.163179053244530969e-01 8.831164264227208127e-01 7.734972505525795627e-01 7.851646200510253859e-01 4.643910296119216907e-01 8.568571923843080196e-01 1.000000000000000000e+00 5.811584766726369811e-01 1.586785314182218853e-01 6.959411524916186975e-01 6.538990745809513117e-01 2.812578023948446027e-01
5.781160946568856263e-01 4.686989118201292381e-01 4.787230177032562040e-01 5.972087733318338643e-01 2.674099719091474481e-01 3.828239553235084358e-01 5.914586449202767771e-01 6.049795578638390570e-01 5.133575344196518175e-01 6.018143131800625101e-01 5.735603703714436952e-01 6.139668805632078064e-01 5.898246491934570068e-01 5.481697508904744831e-01 5.602344808377651697e-01 4.031267781263389582e-01 5.531037728185386193e-01 5.284954449701120271e-01 5.810642526540298336e-01 3.726122491506711487e-01 6.155788132918699196e-01 5.811584766726369811e-01 1.000000000000000000e+00 1.544758635877459818e-01 4.924781520005154789e-01 5.167024589703809179e-01 2.406812772151520063e-01
1.557234707614351121e-01 1.549518541864406407e-01 1.558447512982048810e-01 1.626490319291722664e-01 1.197151878146126558e-01 1.398254131876173756e-01 1.565829723283145014e-01 1.555692235755251618e-01 1.581138255362646572e-01 1.614144978234752226e-01 1.652134254282566217e-01 1.575324095630996901e-01 1.571531636271869259e-01 1.538421172759353583e-01 1.504358477793420468e-01 1.472426128097389653e-01 1.510951762801064913e-01 1.538487192524481129e-01 1.691272463792319880e-01 1.464072767414157372e-01 1.630797232862923885e-01 1.586785314182218853e-01 1.544758635877459818e-01 1.000000000000000000e+00 1.664130860339753659e-01 1.493233904415828817e-01 1.190721973087588287e-01
6.700389777470723285e-01 6.604050631323350462e-01 5.848373145870219281e-01 6.869909547891441814e-01 3.638970479854871098e-01 5.157102442014062094e-01 7.096808977914311756e-01 7.125027132598825697e-01 6.241630956887471715e-01 6.957055897242402365e-01 6.396508646677253607e-01 6.958295394628414288e-01 7.183100696388906581e-01 6.934201055506947764e-01 6.751453238115874278e-01 4.610973319591644692e-01 6.770123828300059765e-01 6.422104526003691305e-01 6.519222473702461773e-01 4.337382309505971034e-01 7.077514779718990789e-01 6.959411524916186975e-01 4.924781520005154789e-01 1.664130860339753659e-01 9.999999999999780176e-01 5.497079071495128977e-01 2.627814469323717095e-01
6.550812072677373310e-01 5.262609906897237622e-01 5.461225334672306087e-01 6.600803582163233818e-01 2.908386321864153690e-01 4.560839578042270581e-01 6.640631184723091440e-01 6.841845685609386774e-01 5.717422452992784176e-01 6.564862669082389690e-01 6.283163311162487386e-01 6.687591579976713829e-01 6.549143151646952266e-01 6.250479997669993182e-01 6.441792547077571651e-01 4.365885964002887976e-01 6.363575417277352875e-01 5.846258438925919787e-01 6.266418973648261170e-01 3.794464297343805859e-01 6.501143127662637466e-01 6.538990745809513117e-01 5.167024589703809179e-01 1.493233904415828817e-01 5.497079071495128977e-01 9.999999999999260591e-01 3.391041339425996393e-01
2.831570676302596068e-01 2.550003704934109550e-01 2.414668275326726510e-01 2.857206491420823946e-01 1.768217895343213164e-01 2.234601490075186769e-01 2.720644084327921708e-01 2.838478506541921575e-01 2.718499851360014485e-01 2.673770496096635196e-01 2.752032429583979312e-01 2.881778435883261547e-01 2.806972908736000138e-01 2.631703098316163225e-01 2.624316043774028162e-01 2.621674147040221614e-01 2.740013276518865615e-01 2.927076154012753229e-01 2.797225666812683254e-01 2.150365940034056067e-01 2.655843817629818249e-01 2.812578023948446027e-01 2.406812772151520063e-01 1.190721973087588287e-01 2.627814469323717095e-01 3.391041339425996393e-01 1.000000000000000000e+00
