function [ likelihood, intra_class_similarity, inter_class_distance, length ] = data( )
%Output all the data used in the following process

likelihood = [ 6842.9536
               8035.1874
               8124.2347
               7991.7083
               7774.5352
               7729.4394
               7951.4673
               7819.8238
               9719.1850
               9250.4594
               9177.6672
               9127.9169
               9152.2174
               9127.0267
               9078.9007
               8948.7438
               8872.1909
               8782.3540
               8748.7246
               8572.4830
               8070.7472
               7995.2961
               7904.1990
               8131.2550
               8226.2676
               7572.3785
               6810.5951
               6837.9142
               6787.5513
               6955.3830
               6989.2010
               6847.3171
               7520.1790
               7979.1209
               6790.5354
               7074.3269];

intra_class_similarity = [ 6.0594
                           2.1411
                           2.4412
                           2.4412
                           2.3387
                           2.3387
                           3.1286
                           3.1286
                           0.7729
                           1.5407
                           1.4970
                           1.4787
                           1.4970
                           1.4720
                           1.4462
                           1.4462
                           1.4462
                           2.1745
                           2.1745
                           1.3779
                           3.2757
                           3.6065
                           4.3465
                           3.0640
                           3.5973
                           4.5148
                           5.3199
                           5.9344
                           6.4736
                           5.3157
                           5.3585
                           6.0036
                           4.5340
                           3.6182
                           5.9302
                           5.4015];

inter_class_distance = [32.0440
                        38.7585
                        31.3871
                        35.6134
                        51.0475
                        56.5748
                        36.5513
                        41.1072
                        0
                        0.8708
                        1.6358
                        2.935
                        2.865
                        4.7438
                        6.6580
                        8.8293
                        11.0511
                        11.4209
                        15.2251
                        24.9835
                        18.2495
                        22.8761
                        22.0552
                        14.9181
                        17.5777
                        23.2470
                        35.9921
                        31.7628
                        36.5325
                        30.5874
                        27.5215
                        31.8311
                        23.2690
                        18.3161
                        36.8220
                        27.2610];
                    
length = [13
          15
          13
          14
          17
          18
          14
          15
          1
          2
          3
          4
          4
          5
          6
          7
          8
          8
          9
          12
          10
          11
          11
          9
          10
          11
          14
          13
          14
          13
          12
          13
          11
          10
          14
          12];
      
    
                        




end

